API_KEY=96f363cd9af3cb651fd7a25ca2186889068a644942c1e7c4808d1f0e627ff124
NETWORK=testnet
DAPP_CODE=karatecombat
FINGERPRINT=9260A5D7-0A16-4398-B373-D538FDB895E9
ACCOUNT_ID=0.0.49054496
PRIVATE_KEY=9c1878c421d7d0c8c460a23db1dad4274b52803ed4bae338eba2c539eb75ca3c
ACCOUNT_ID2=0.0.49091120
PRIVATE_KEY2=f9b7e8442fcd7a57bee72bff3bcf7e7b11f8663a897e85f04cad1bee58137a2e
CONTRACT_ID=0.0.49206899
