API_KEY=FG9dUBQcBaBAPgCHz7DqmNZzrJyhewAMJytjwp3VFIEMFTXQyVSIDq6wRvtPcSAt
API_KEY_MAINNET=S29dbA9Cyq4pT9b9YeBBqFefvVzCkELEG7YLj8UkQRp2qTCf7kkVEe7VpKKGMXdY
NETWORK=testnet
DAPP_CODE=unitysdktest
SDK_ENV=CI
VISITOR_ID=19HVCJox2Fprej5WJM3h
ACCOUNT_ID=0.0.1443
PRIVATE_KEY=3030020100300706052b8104000a04220420ebccecef769bb5597d0009123a0fd96d2cdbe041c2a2da937aaf8bdc8731799b
ACCOUNT_ID1=0.0.1881
PRIVATE_KEY1=3030020100300706052b8104000a042204200e65ab47c5f66cd0db9d1517f43c415e13f16dc1bcf30d85da1c73e58fc5366d
ACCOUNT_ID2=0.0.1512
PRIVATE_KEY2=3030020100300706052b8104000a042204200ce23c3a1cc9b7cd85db5fdd039491cab3d95c0065ac18f77867d33eaff5c050
ACCOUNT_ID3=0.0.1430
PRIVATE_KEY3=302e020100300506032b6570042204201c1fc6ab4f5937bf9261cd3d1f1609cb5f30838d018207b476ff50d97ef8e2a5
ACCOUNT_ID_ED25519=0.0.1767
PRIVATE_KEY_ED25519=302e020100300506032b657004220420c903827cacbaf81f105aa548db06a3ab8cbddd362f54be0a803430a4401f6b2c
TOKEN_ID0=0.0.2216053
TOKEN_ID1=0.0.5449
CONTRACT_ID=0.0.4437600
PINATA_JWT=eyJhbGciOiJIUzI1NiIsInR5cCI6IkpXVCJ9.eyJ1c2VySW5mb3JtYXRpb24iOnsiaWQiOiIwYzJiMGM2Yi0zNzI2LTQ5YmMtYjgxZi0yOGIxMjViM2EzMTYiLCJlbWFpbCI6InRoZS5nYXJ5LmR1QGdtYWlsLmNvbSIsImVtYWlsX3ZlcmlmaWVkIjp0cnVlLCJwaW5fcG9saWN5Ijp7InJlZ2lvbnMiOlt7ImRlc2lyZWRSZXBsaWNhdGlvbkNvdW50IjoxLCJpZCI6IkZSQTEifSx7ImRlc2lyZWRSZXBsaWNhdGlvbkNvdW50IjoxLCJpZCI6Ik5ZQzEifV0sInZlcnNpb24iOjF9LCJtZmFfZW5hYmxlZCI6ZmFsc2UsInN0YXR1cyI6IkFDVElWRSJ9LCJhdXRoZW50aWNhdGlvblR5cGUiOiJzY29wZWRLZXkiLCJzY29wZWRLZXlLZXkiOiI0NjZjZDlkMDUwNWUzNDAyYjk2YSIsInNjb3BlZEtleVNlY3JldCI6IjY0ODM1MDhlM2Q3OTgzNDlkYzUzNWJiMDRkYWViMWFlZmU4NjdlZjJiMDhhNjhhNzlkNWYwZDRlOTU5YTUxZTciLCJleHAiOjE3NTYzMTQ5MjJ9.yK8QpXW4aVIwCGOfVwbSlNM4GVHcGdH1W8YD3adGua4
MAGIC_EMAIL=the.gary.du+sdk@gmail.com
KARATE_TOKEN_ID=0.0.2283230
NONCE=unity_test
