API_KEY=FG9dUBQcBaBAPgCHz7DqmNZzrJyhewAMJytjwp3VFIEMFTXQyVSIDq6wRvtPcSAt
API_KEY_MAINNET=S29dbA9Cyq4pT9b9YeBBqFefvVzCkELEG7YLj8UkQRp2qTCf7kkVEe7VpKKGMXdY
NETWORK=testnet
DAPP_CODE=unitysdktest
SDK_ENV=CI
VISITOR_ID=19HVCJox2Fprej5WJM3h
ACCOUNT_ID=0.0.1443
PRIVATE_KEY=3030020100300706052b8104000a04220420ebccecef769bb5597d0009123a0fd96d2cdbe041c2a2da937aaf8bdc8731799b
ACCOUNT_ID1=0.0.1881
PRIVATE_KEY1=3030020100300706052b8104000a042204200e65ab47c5f66cd0db9d1517f43c415e13f16dc1bcf30d85da1c73e58fc5366d
ACCOUNT_ID2=0.0.1512
PRIVATE_KEY2=3030020100300706052b8104000a042204200ce23c3a1cc9b7cd85db5fdd039491cab3d95c0065ac18f77867d33eaff5c050
ACCOUNT_ID3=0.0.1430
PRIVATE_KEY3=302e020100300506032b6570042204201c1fc6ab4f5937bf9261cd3d1f1609cb5f30838d018207b476ff50d97ef8e2a5
ACCOUNT_ID_ED25519=0.0.1767
PRIVATE_KEY_ED25519=302e020100300506032b657004220420c903827cacbaf81f105aa548db06a3ab8cbddd362f54be0a803430a4401f6b2c
TOKEN_ID0=0.0.2216053
TOKEN_ID1=0.0.2661784
NFT_ID=0.0.4488252
CONTRACT_ID=0.0.2215872
NFT_STORAGE_TOKEN=eyJhbGciOiJIUzI1NiIsInR5cCI6IkpXVCJ9.eyJzdWIiOiJkaWQ6ZXRocjoweDZFNzY0ZmM0ZkZFOEJhNjdCNjc1NDk1Q2NEREFiYjk0NTE4Njk0QjYiLCJpc3MiOiJuZnQtc3RvcmFnZSIsImlhdCI6MTcwNDQ2NDUxODQ2MiwibmFtZSI6IkJsYWRlU0RLLXRlc3RrZXkifQ.t1wCiEuiTvcYOwssdZgiYaug4aF8ZrvMBdkTASojWGU
MAGIC_EMAIL=the.gary.du+sdk@gmail.com
ETHEREUM_ADDRESS=0x11f8D856FF2aF6700CCda4999845B2ed4502d8fB
ETHEREUM_MNEMONIC=boring slice orange recycle crew aunt fat meadow solid quality wasp visual
ETHEREUM_PRIVATE_KEY=ebccecef769bb5597d0009123a0fd96d2cdbe041c2a2da937aaf8bdc8731799b
ETHEREUM_ADDRESS2=0x085946E373353Eb190794CA7EF4d7b9a60D0A4B0
ETHEREUM_CONTRACT_ADDRESS=0xd36b5b8b408bad51009bd2748c3bc130c68948d2
KARATE_TOKEN_ID=0.0.2283230
NONCE=unity_test
