API_KEY=FG9dUBQcBaBAPgCHz7DqmNZzrJyhewAMJytjwp3VFIEMFTXQyVSIDq6wRvtPcSAt
API_KEY_MAINNET=S29dbA9Cyq4pT9b9YeBBqFefvVzCkELEG7YLj8UkQRp2qTCf7kkVEe7VpKKGMXdY
NETWORK=testnet
DAPP_CODE=unitysdktest
SDK_ENV=CI
VISITOR_ID=19HVCJox2Fprej5WJM3h
ACCOUNT_ID=0.0.346533
PRIVATE_KEY=3030020100300706052b8104000a04220420ebccecef769bb5597d0009123a0fd96d2cdbe041c2a2da937aaf8bdc8731799b
ACCOUNT_ID1=0.0.436560
PRIVATE_KEY1=3030020100300706052b8104000a04220420ba9ae0a421111c07f6ccc6ea56ce01f06acd15c2ee50761befb23324d7a2438e
ACCOUNT_ID2=0.0.346535
PRIVATE_KEY2=3030020100300706052b8104000a04220420f9b7e8442fcd7a57bee72bff3bcf7e7b11f8663a897e85f04cad1bee58137a2e
ACCOUNT_ID3=0.0.346530
PRIVATE_KEY3=302e020100300506032b657004220420ddffbba40f32e1459bc349175f9b607f2186a0b328daf617cc98487a94c55f9d
ACCOUNT_ID_ED25519=0.0.346532
PRIVATE_KEY_ED25519=302e020100300506032b6570042204201c1fc6ab4f5937bf9261cd3d1f1609cb5f30838d018207b476ff50d97ef8e2a5
TOKEN_ID0=0.0.416487
TOKEN_ID1=0.0.416406
CONTRACT_ID=0.0.416245
NFT_STORAGE_TOKEN=eyJhbGciOiJIUzI1NiIsInR5cCI6IkpXVCJ9.eyJzdWIiOiJkaWQ6ZXRocjoweDZFNzY0ZmM0ZkZFOEJhNjdCNjc1NDk1Q2NEREFiYjk0NTE4Njk0QjYiLCJpc3MiOiJuZnQtc3RvcmFnZSIsImlhdCI6MTcwNDQ2NDUxODQ2MiwibmFtZSI6IkJsYWRlU0RLLXRlc3RrZXkifQ.t1wCiEuiTvcYOwssdZgiYaug4aF8ZrvMBdkTASojWGU

